DB 2, 2, 2, 2, 2, 2, 2, 2, 2, 2
        DB 2, 2, 2, 2, 2, 2, 2, 2, 2, 2
        DB 2, 2, 2, 2, 2, 2, 2, 2, 2, 2
        DB 2, 2, 2, 2, 2, 2, 2, 2, 2, 2
        DB 2, 2, 2, 2, 2, 2, 2, 2, 2, 2
        DB 2, 2, 2, 2, 2, 2, 2, 2, 2, 2
        DB 2, 2, 2, 2, 2, 2, 2, 2, 2, 2
        DB 2, 2, 2, 2, 2, 2, 2, 2, 2, 2
        DB 2, 2, 2, 2, 2, 2, 2, 2, 2, 2
        DB 2, 2, 2, 2, 2, 2, 2, 2, 2, 2
        DB 2, 2, 2, 2, 2, 2, 2, 2, 2, 2
        DB 2, 2, 2, 2, 2, 2, 2, 2, 2, 2
        DB 2, 2, 2, 2, 2, 2, 2, 2, 2, 2
        DB 2, 2, 2, 2, 2, 2, 2, 2, 2, 2
        DB 2, 2, 2, 2, 2, 2, 2, 2, 2, 2
        DB 2, 2, 2, 2, 2, 2, 2, 2, 2, 2
        DB 2, 2, 2, 2, 2, 2, 2, 2, 2, 2
        DB 2, 2, 2, 2, 2, 2, 2, 2, 2, 2
        DB 2, 2, 2, 2, 2, 2, 2, 2, 2, 2
        DB 2, 2, 2, 2, 2, 2, 2, 2, 2, 2